[gd_scene format=3 uid="uid://pcyvfvyj4lhu"]

[ext_resource type="PackedScene" uid="uid://dyfwa0tin2osj" path="res://Assets/3D/Shop/Shop.fbx" id="1_1r6ip"]
[ext_resource type="PackedScene" uid="uid://doigq7nkfb887" path="res://Scenes/Prizes/Speed Prize/speed_prize.tscn" id="4_2a143"]
[ext_resource type="PackedScene" uid="uid://dnp8jfq1nm1rg" path="res://Scenes/Prizes/Invincibility Frames/invincibility_frames_prize.tscn" id="4_5yls4"]
[ext_resource type="PackedScene" uid="uid://dqhsrngl043po" path="res://Scenes/PlayerCharacter/PlayerCharacter.tscn" id="5_2a143"]
[ext_resource type="PackedScene" uid="uid://f84ucq2mqwcd" path="res://Scenes/Prizes/HP/hp_prize.tscn" id="5_p6jpk"]
[ext_resource type="PackedScene" uid="uid://daxgm5dhgo1dk" path="res://Scenes/Prizes/Grip/grip_prize.tscn" id="5_xlvfx"]
[ext_resource type="PackedScene" uid="uid://do2s7rajjiqji" path="res://Scenes/Prizes/Jump Prize/jump_prize.tscn" id="5_y3v7k"]
[ext_resource type="PackedScene" uid="uid://d2bdcu8nu61s5" path="res://Assets/3D/Shop/Wheel Board.fbx" id="8_y3v7k"]
[ext_resource type="PackedScene" uid="uid://dkobqdf0o1m7a" path="res://Scenes/RotatingPlatform/RotatingPlatform.tscn" id="9_imbg2"]
[ext_resource type="ArrayMesh" uid="uid://btnsdcbsqjrba" path="res://Assets/3D/test.tres" id="10_hfg1r"]

[sub_resource type="ProceduralSkyMaterial" id="ProceduralSkyMaterial_1r6ip"]
sky_horizon_color = Color(0.66224277, 0.6717428, 0.6867428, 1)
ground_horizon_color = Color(0.66224277, 0.6717428, 0.6867428, 1)

[sub_resource type="Sky" id="Sky_lixft"]
sky_material = SubResource("ProceduralSkyMaterial_1r6ip")

[sub_resource type="Environment" id="Environment_qw60k"]
background_mode = 1
background_color = Color(0.45089287, 0.82342446, 1, 1)
sky = SubResource("Sky_lixft")
ambient_light_source = 2
ambient_light_color = Color(1, 1, 1, 1)
ssao_enabled = true
ssao_radius = 6.04
ssao_intensity = 10.1

[sub_resource type="BoxShape3D" id="BoxShape3D_2a143"]
size = Vector3(10, 0.6, 6.6658325)

[sub_resource type="BoxShape3D" id="BoxShape3D_p6jpk"]
size = Vector3(10, 0.6, 6.6658325)

[node name="Main" type="Node3D" unique_id=224682750]

[node name="DirectionalLight3D" type="DirectionalLight3D" parent="." unique_id=533654568]
transform = Transform3D(-0.8660254, -0.43301278, 0.25, 0, 0.49999997, 0.86602545, -0.50000006, 0.75, -0.43301266, 0, 0, 0)
visible = false
shadow_enabled = true

[node name="Camera3D" type="Camera3D" parent="." unique_id=1331169492]
transform = Transform3D(-1, 0, -8.742278e-08, 0, 1, 0, 8.742278e-08, 0, -1, 0, 2.489451, -7.0519886)

[node name="WorldEnvironment" type="WorldEnvironment" parent="." unique_id=643451075]
environment = SubResource("Environment_qw60k")

[node name="Shop2" type="StaticBody3D" parent="." unique_id=294995878]

[node name="CollisionShape3D2" type="CollisionShape3D" parent="Shop2" unique_id=1818568342]
transform = Transform3D(2.5, 0, 0, 0, 0.8333333, 0, 0, 0, 1, 0, 0, 1.6670836)
shape = SubResource("BoxShape3D_2a143")

[node name="CollisionShape3D" type="CollisionShape3D" parent="Shop2" unique_id=1988618719]
transform = Transform3D(0.8008265, 0, 0, 0, 0.8333333, 0, 0, 0, 0.3678528, 0, 3.288462, 3.0788689)
shape = SubResource("BoxShape3D_p6jpk")

[node name="Prizes" type="Node3D" parent="." unique_id=242406510]

[node name="Invincibility Frames Prize" parent="Prizes" unique_id=715589344 instance=ExtResource("4_5yls4")]
transform = Transform3D(0.46255508, 0, 0.88659054, 0, 1, 0, -0.88659054, 0, 0.46255508, -4.9395094, 7.02101, 0.95419574)

[node name="HP_Prize" parent="Prizes" unique_id=2124177430 instance=ExtResource("5_p6jpk")]
transform = Transform3D(-4.371139e-08, 0, 1, 0, 1, 0, -1, 0, -4.371139e-08, 9.4329815, 4.119856, 1.9362621)

[node name="Speed_Prize" parent="Prizes" unique_id=1849157300 instance=ExtResource("4_2a143")]
transform = Transform3D(0.6210165, 0, 0.78379744, 0, 1, 0, -0.78379744, 0, 0.6210165, 6.160708, 4.4430475, 1.7053533)

[node name="Grip_Prize" parent="Prizes" unique_id=1085671967 instance=ExtResource("5_xlvfx")]
transform = Transform3D(-0.9191025, 0, 0.39401886, 0, 1, 0, -0.39401886, 0, -0.9191025, 2.1572738, 4.587859, 0.83304024)

[node name="Jump_Prize" parent="Prizes" unique_id=1661532089 instance=ExtResource("5_y3v7k")]
transform = Transform3D(-0.28417328, 0, 0.95877296, 0, 1, 0, -0.95877296, 0, -0.28417328, -8.25702, 4.099969, 0.54590833)

[node name="Shop" parent="." unique_id=725113405 instance=ExtResource("1_1r6ip")]

[node name="PlayerCharacter" parent="." unique_id=1881213073 instance=ExtResource("5_2a143")]
transform = Transform3D(-1, 0, -8.742278e-08, 0, 1, 0, 8.742278e-08, 0, -1, 1.9646444, 0.3936805, 4.4478264)
in_game = false
in_menu = true
anim_blend_time = 0.25
speed_running = 2.0
speed_jump = 1.15

[node name="Wheel Board" parent="." unique_id=844042927 instance=ExtResource("8_y3v7k")]
transform = Transform3D(1, 0, 0, 0, 1, 0, 0, 0, 1, 0, 0, -0.1964708)

[node name="RotatingPlatform" parent="." unique_id=1596451553 instance=ExtResource("9_imbg2")]
transform = Transform3D(1, 0, 0, 0, 1, 0, 0, 0, 1, 0.40227222, -8.453808, -23.39281)
pivot_point = Vector3(0.402, -8.454, -23.393)
wall_meshes = Array[Mesh]([ExtResource("10_hfg1r")])
section_colors = Array[Color]([Color(0.98119634, 0.37531948, 0, 1), Color(0.07290412, 0.38077685, 0.19628096, 1)])
sequential_colors = true
hole_chance = 0.0
